48.1039
13.49381
14.94995
49.5495
29.91649
34.20501
35.15605
24.44196
12.65385
17.4425
12.84967
16.75916
16.21266
12.44624
12.38765
17.22245
12.73896
17.26095
12.21739
12.21354
16.08413
16.97001
13.39819
13.09355
14.0109
18.1459
10.1264
16.22802
12.84662
13.16368
22.50179
37.82979
33.85177
24.31085
47.13885
32.13494
14.0547
12.74178
12.0916
13.89778
12.84967
11.32493
13.70543
13.83185
14.0233
13.18724
17.4049
12.50067
11.95231
13.62227
11.49198
12.85494
10.96255
13.12612
12.35882
14.16016
14.32981
11.89566
14.80203
13.50049
14.88444
14.68479
16.86054
25.42185
13.57246
11.47015
21.20152
14.814
16.2306
14.95871
13.87468
16.37461
13.7266
13.41772
14.17633
12.72898
11.21588
11.34302
13.01597
12.19726
13.48284
11.33006
12.23701
12.47292
13.31964
12.26727
12.17417
12.10327
14.20354
13.50049
27.12696
16.21717
32.45582
78.11019
15.60566
35.39678
37.80498
13.54427
14.16693
15.30518
15.18166
13.97247
12.22626
13.35473
11.59246
15.64712
11.34842
12.28629
11.95559
13.47381
12.71884
11.4644
11.88777
14.08866
11.13627
16.34259
13.4115
13.2136
12.15674
12.83314
12.57172
12.8594
11.55873
13.24652
17.06019
16.29459
18.09077
17.61817
14.95768
10.67677
12.48224
15.18596
17.04001
15.35315
12.87915
14.55643
13.04676
13.48969
13.47867
11.19239
11.75802
14.17404
12.12266
17.42044
14.76268
13.60071
13.2807
12.10118
13.95204
15.09684
21.57882
19.02511
18.70723
14.05492
17.59019
19.04637
12.88586
13.33025
12.65826
17.04699
10.33429
12.44328
11.33761
10.6556
12.22594
17.83959
14.35558
11.50823
12.97808
11.19842
13.83913
14.54163
11.36112
14.00897
14.07777
14.80579
12.54966
11.30404
16.29031
13.50049
11.70392
13.18655
28.25555
11.79852
36.82732
25.90176
33.43659
11.99331
26.91994
12.26865
12.17076
15.08767
12.15545
12.95727
13.7782
12.34039
12.58316
12.57369
11.32659
11.07425
12.44944
12.75875
13.04567
13.54397
12.93525
12.25708
13.45371
14.13323
12.92515
13.53353
13.4804
21.55809
30.12627
27.58656
26.47334
32.07204
12.99656
37.71168
22.51314
13.94211
12.22967
12.67986
12.73266
13.2605
12.31856
11.21588
10.9327
12.50067
12.08485
12.64553
16.11968
12.25708
15.75531
11.84392
13.70027
12.58251
11.12033
13.8132
13.40108
10.58688
12.0934
15.55753
12.35592
12.7916
13.95091
11.63383
13.36685
12.90992
23.5111
12.71385
11.90006
19.58145
11.50129
12.24643
13.05424
12.85435
11.71139
10.78458
12.49154
14.53898
10.86298
12.33427
11.95452
19.57878
11.77682
11.40783
15.13196
12.73227
15.93836
13.69368
11.94272
12.53299
11.72241
12.03443
13.23236
18.45288
19.56006
12.77738
12.7206
17.65252
13.78866
12.33257
15.30198
8.904584
13.47539
13.2741
14.27374
12.32098
12.80493
11.6847
13.48038
13.43501
12.55238
13.47897
12.8263
12.0934
12.74632
12.04675
13.39869
11.64898
12.22972
12.64503
11.9217
10.5781
11.33964
12.15844
12.18447
11.99392
11.95906
14.28448
13.29463
12.40506
13.2904
11.45428
13.74373
13.29891
11.91067
11.86663
13.2761
13.07844
12.71884
12.80767
13.31392
12.89316
12.88701
11.16372
13.50532
11.7047
11.09831
12.82687
10.20667
12.10327
10.03565
11.2071
9.055025
10.57607
14.02404
12.5781
11.33006
12.48146
10.17354
16.73281
12.74511
11.3202
12.56438
14.46217
13.03583
12.07274
12.08813
9.666122
13.99533
12.07795
12.77585
14.04154
12.74872
12.03073
12.74895
12.66012
13.11191
13.50049
10.5741
12.73227
12.45285
13.37317
12.73018
10.8635
11.19239
12.97309
11.1756
11.92894
13.31369
15.2137
14.14683
24.30956
14.07397
12.71617
18.9367
15.1563
11.75631
12.08328
12.12098
11.85851
12.75166
11.67831
12.75739
12.47696
12.41383
12.79329
12.45242
9.834561
12.36165
12.50685
12.22238
10.44353
13.96005
11.63383
11.72163
12.14838
10.96263
10.40731
17.84348
12.25352
13.48969
10.85414
17.21897
13.21357
13.50049
13.147
13.55492
14.46525
15.902
13.08537
11.79084
11.74027
17.62792
11.96087
12.90747
13.49172
13.06122
12.1411
16.00201
14.7679
12.36509
15.26734
16.38927
13.09111
13.47701
12.90992
15.02051
13.78866
14.9584
53.38575
60.28191
14.63258
18.08127
38.29208
12.53967
11.32546
12.67825
34.48225
12.45125
13.61927
13.60205
10.75056
12.89416
12.7224
14.38302
16.04244
12.74895
12.98173
10.60524
12.86697
12.45281
9.033102
10.10653
10.98386
11.95393
13.68554
12.85314
11.45913
11.95559
26.64566
15.47951
12.84481
11.7816
27.84757
27.86987
12.72815
12.71713
11.81496
14.07461
12.0934
11.59155
15.16671
14.54043
11.76158
12.5704
11.84163
12.84238
12.10322
9.613276
12.73227
10.95322
11.20507
11.90189
10.43043
11.95393
12.54249
13.01344
11.95231
13.27938
12.71547
13.76042
10.85414
12.60415
11.28167
13.95766
13.48969
12.35979
12.16284
11.86079
11.43021
11.67604
11.11606
13.34035
12.7224
12.87632
12.33161
13.80145
12.32638
11.14167
13.0974
13.06268
12.06557
11.41561
12.72815
12.08647
10.78899
11.60531
12.06007
20.85061
17.59581
21.10939
12.71074
22.82426
15.78294
15.87224
27.72665
13.47539
20.62476
13.47801
14.61338
13.31392
14.40563
14.35098
14.7464
12.27396
13.49172
12.70841
12.73896
13.81366
11.47427
11.49198
14.89219
12.26486
11.39272
13.49881
16.84001
12.45456
13.0801
15.4594
41.24729
15.21356
12.20067
16.86407
30.838
18.09952
11.83312
12.24853
11.88718
12.09149
13.00401
11.32552
12.43635
12.15953
13.48394
12.11233
11.50541
11.02396
12.73896
13.48772
11.14245
13.48038
13.98996
13.71277
11.21429
11.58864
10.92153
10.71803
12.31528
13.47867
30.28969
11.83312
14.02158
29.08835
20.42726
19.90354
20.90087
13.47701
27.19969
11.72581
12.12455
12.38313
12.29852
12.41217
12.97246
14.43796
16.18022
14.70174
12.47292
11.62809
12.73227
12.71884
11.31569
13.49172
11.4925
13.46028
12.60902
11.29445
11.55702
12.68153
16.54101
16.43931
15.03823
11.45913
13.50049
12.90264
13.57783
12.84639
17.04893
17.73028
18.6773
19.47701
14.32924
22.60466
37.02648
21.85457
14.33933
14.06434
14.96593
12.46014
12.37671
13.48038
12.46212
13.40574
11.96661
12.96206
12.19164
12.36685
12.71713
11.95559
12.81812
13.4858
11.12245
12.37197
14.46703
13.29673
13.89625
13.47539
12.51299
32.79317
53.38921
29.16859
26.69276
38.07211
33.0518
42.30138
37.17924
37.86415
13.50049
11.49932
11.47427
12.62084
13.09315
13.29243
12.51847
13.55158
12.6949
11.33006
12.71713
12.67127
12.63763
13.57057
11.68317
11.32331
14.94761
12.34039
12.64977
11.44712
8.587327
32.63248
13.5975
53.45087
13.26397
36.75558
35.96449
12.60269
29.84736
50.88927
28.42962
12.7224
10.71273
11.06227
12.46212
12.86272
12.73285
14.96583
13.86391
12.52131
12.56267
12.31856
12.05087
13.26399
13.8635
11.78507
12.04211
14.19112
12.68394
12.83549
12.71228
24.1565
15.79458
34.43402
27.14065
31.74331
26.41193
22.96026
13.91473
33.68848
15.82475
12.0934
11.83724
11.60355
12.32958
11.57007
10.40793
11.15679
12.31207
12.52131
13.47539
13.29638
11.19239
13.49599
11.83611
11.73995
13.11255
13.617
13.9586
10.16648
12.71547
16.81592
11.36301
11.39227
37.70713
27.68878
23.54749
16.22515
20.29885
13.03011
28.23919
12.46014
10.5926
12.71884
12.93213
9.684025
12.16477
12.67986
11.98024
12.0916
10.84031
12.31856
11.75465
12.09915
13.39772
12.96037
15.1081
10.94985
9.681994
11.95231
12.51299
27.41801
14.2985
29.44636
24.41772
16.9711
30.35062
24.62707
47.38246
30.63945
20.96956
11.92526
10.86808
11.80284
12.73018
13.11826
12.51852
12.08647
12.69197
11.95906
11.20327
15.20112
12.84588
13.67312
13.07524
14.65402
20.38916
14.59385
13.97873
12.71385
10.89268
24.16832
12.65566
15.51926
20.67992
26.73579
16.13838
48.35654
26.11283
29.67782
19.87632
12.30067
12.72394
12.57126
13.49172
12.10118
11.70058
11.0589
10.85573
12.12274
14.09177
12.65038
13.29055
11.89986
14.2335
10.95916
12.53967
12.79041
11.56804
12.71385
13.27453
45.47792
30.4203
55.76675
45.71835
44.346
13.42245
34.28943
45.41164
49.53282
22.92358
11.96464
12.86481
12.57126
13.36185
13.55483
13.09111
18.69049
11.37617
10.53925
12.24268
11.91999
14.83305
12.09915
12.11442
14.93375
13.46555
13.11898
12.86069
13.76176
12.87596
47.30304
30.73669
12.84498
57.98963
68.88132
35.39582
60.5245
48.54219
65.58237
34.18112
13.6195
11.70201
12.96712
13.97143
13.09702
11.16947
11.45747
11.35124
12.88791
14.56679
13.47867
18.67237
13.72752
13.09378
12.08485
14.07445
12.18592
12.23169
12.44782
12.1007
17.59616
13.07775
36.28563
13.30121
19.84481
30.46623
51.38295
59.96273
43.66031
12.74378
