0.975809
0.08110482
0.1179488
0.09241977
0.07629576
0.1586957
0.1217045
0.02600833
0.07804012
0.0005125873
0.06540537
0.9990425
0.1037533
0.08947047
0.09930629
0.1709819
0.1433254
0.02109316
0.01788229
0.008777144
0.1230859
0.08521963
0.9655735
0.2850465
0.1486939
0.2171575
0.1663132
0.1038434
0.06091344
0.03534224
0.09402271
0.107597
0.2810267
0.9960802
0.1634059
0.1127847
0.08128896
0.1160486
0.003970117
0.0003933941
0.07436667
0.09923817
0.1476487
0.1634059
1
0.2492713
0.05263488
0.05453598
0.08245678
0.01807384
0.1445185
0.1769276
0.1502561
0.114604
0.2490966
0.9734201
0.1507458
0.1534819
0.1041551
0.03790446
0.07437181
0
0.1676559
0.09383018
0.1324785
0.145841
0.9714331
0.08775604
0.07250071
0.005430377
0.02544161
0.100821
0.1194204
0.1101078
0.05881167
0.1244521
0.08771528
0.9905398
0.07141128
0.005251385
0.07748879
0.0601245
0.07805442
0.07833214
0.03363268
0.005047639
0.06908234
0.07498199
0.9999897
0.003291127
0.0009415414
0.01989718
0.03970906
0.04590223
0.05223873
0.03237272
0.03970305
0.0004846663
0.00536261
0.9655878
