0.954523
0.08581928
0.1234389
0.09430391
0.08761977
0.1484894
0.1226188
0.08639403
0.08424124
0.01169175
0.01237475
0.01217642
0.006315683
0.008673063
0.01232161
0.01126993
0.007405169
0.01006085
0.01377567
0.008914595
0.0107223
0.01223242
0.007825091
0.01298275
0.007768342
0.008849702
0.008971342
0.0132839
0.0100016
0.01635275
0.08972114
0.9989885
0.1125795
0.2138106
0.1081764
0.1906444
0.1456164
0.04160532
0.06905856
0.01152958
0.006770484
0.005710975
0.0107223
0.008551421
0.009294991
0.01006085
0.01108546
0.01046171
0.01294408
0.009156128
0.01006085
0.01005954
0.01135695
0.009939208
0.008391582
0.01573449
0.007585561
0.008673063
0.009517826
0.02039471
0.05280802
0.1135316
0.9989921
0.2911179
0.1561509
0.2113353
0.1777526
0.1277999
0.07016302
0.0438787
0.007768342
0.008495695
0.00911458
0.007296266
0.009334518
0.006380558
0.01165727
0.007768342
0.007605735
0.008079362
0.01417619
0.0107223
0.01168927
0.01006085
0.01102622
0.01472695
0.01006085
0.009697673
0.01030238
0.008971342
0.1029451
0.1163463
0.275895
1
0.1716152
0.1225134
0.1026397
0.1251285
0.08133861
0.05666355
0.01150609
0.01203862
0.01006085
0.0103358
0.0114198
0.008914595
0.0107223
0.01180931
0.0167
0.008463821
0.008914595
0.009428496
0.008309889
0.01144863
0.008551421
0.009334518
0.009156128
0.01455875
0.01383338
0.008644233
0.08348329
0.1080654
0.156041
0.1716425
0.9999722
0.257678
0.1494014
0.06387455
0.09149344
0.02774681
0.01342673
0.01006085
0.009125276
0.005131212
0.0134525
0.008551421
0.01030238
0.009710229
0.0117717
0.008218206
0.00709876
0.01044503
0.01576833
0.01253564
0.01117375
0.009214917
0.01199218
0.008391582
0.01020479
0.007825091
0.1539076
0.2128214
0.1587581
0.1242659
0.2564554
0.9980265
0.1563832
0.130132
0.116313
0.04093854
0.009909211
0.009632798
0.007946732
0.01028884
0.01817305
0.0102562
0.00770345
0.01030223
0.007598118
0.01102622
0.012525
0.008673063
0.01328863
0.008971342
0.008765308
0.0107223
0.008673063
0.007163636
0.009212877
0.0107223
0.08445422
0.1457232
0.1795768
0.1027544
0.1491439
0.1603065
0.9999088
0.09674032
0.08163577
0.04812379
0.0100394
0.01035913
0.009638429
0.01099811
0.008773035
0.0109566
0.008673063
0.008007379
0.0117717
0.00625817
0.008551421
0.008971342
0.009697673
0.009345506
0.008833191
0.008442517
0.01346904
0.007654501
0.00774928
0.01569899
0.03504178
0.1096762
0.1281193
0.119002
0.06825897
0.1329487
0.09672376
0.9989361
0.09299216
0.01662512
0.007707769
0.008792954
0.01632309
0.01030238
0.005413405
0.007285277
0.005654227
0.01163092
0.008551421
0.009212877
0.009212877
0.01309867
0.01200942
0.009939208
0.01524995
0.007616705
0.008855352
0.01035913
0.01396419
0.008288438
0.08662194
0.06935594
0.08713459
0.08740957
0.04315188
0.1159976
0.07829961
0.07950982
1
0.1033372
0.01348916
0.00589749
0.01006085
0.01212932
0.008608187
0.009576033
0.007285277
0.009697673
0.00982163
0.01144971
0.007870831
0.01676284
0.01391433
0.01237436
0.0107223
0.006558946
0.007583558
0.01673563
0.01126585
0.01118571
0.02610755
0.01167025
0.04851106
0.05530017
0.02774681
0.04217243
0.0554189
0.01493003
0.05387613
0.9980405
0.006800479
0.01181199
0.01555173
0.007858239
0.01129816
0.007825091
0.01253564
0.008945301
0.01442652
0.008914595
0.008849702
0.01006085
0.01084464
0.01440808
0.01232161
0.01035913
0.007285277
0.01015074
0.009697673
0.009676225
0.01091487
0.009970716
0.01145004
0.004450474
0.01201299
0.007042013
0.008914595
0.007285277
0.01325989
0.009156547
0.9989921
0.05322495
0.01285329
0.02187833
0.008608187
0.009860517
0.01030238
0.0226459
0.03414495
0.008884599
0.008309889
0.008673063
0.01892329
0.008673063
0.008914595
0.008608187
0.009456852
0.01144863
0.008912099
0.01172902
0.01006085
0.01006085
0.00937716
0.01084651
0.008011461
0.01021203
0.01202437
0.008971342
0.01144863
0.01144863
0.008673063
0.9373727
0.008461087
0.05416316
0.0115401
0.03628774
0.0362141
0.04420636
0.09607918
0.03381153
0.007919925
0.01006085
0.008511913
0.01117535
0.008914595
0.01102665
0.008471256
0.008188265
0.01084708
0.01390876
0.01824055
0.01362207
0.008971342
0.01006085
0.01163136
0.008188265
0.01142057
0.01006269
0.007686721
0.0159149
0.01836675
0.00830741
0.9469842
0.016853
0.009549208
0.01307954
0.01201121
0.009632798
0.006380558
0.01064389
0.007464376
0.01220975
0.009890259
0.01026918
0.009021839
0.01163012
0.008030031
0.01006085
0.0107223
0.01267616
0.01144863
0.008673063
0.009156128
0.01253564
0.008914595
0.01450783
0.009095553
0.01144863
0.008673063
0.007768342
0.02187833
0.06767338
0.01006085
0.9697021
0.01108546
0.01810743
0.07134206
0.01317189
0.06809042
0.0392842
0.01006085
0.01150795
0.006575748
0.01048146
0.01543471
0.009334518
0.01091008
0.01144863
0.01706403
0.01064883
0.009073923
0.0106347
0.009334518
0.01597945
0.01660054
0.01519351
0.01772662
0.006315683
0.01293096
0.01179827
0.0274243
0.0138408
0.008673063
0.009939208
0.9433346
0.01327482
0.00905548
0.02632736
0.01289796
0.01098357
0.009623778
0.01518104
0.008914595
0.009537106
0.01144863
0.008387155
0.01108298
0.008608187
0.01694006
0.01288994
0.01780593
0.01006085
0.008502472
0.01108546
0.008245014
0.007163636
0.01033551
0.01162772
0.008914595
0.009082215
0.009761637
0.01976397
0.00589749
0.03680746
0.007220402
0.87148
0.01543182
0.02195325
0.05385626
0.01380335
0.01365175
0.01012075
0.01080527
0.01006085
0.01006085
0.008141176
0.0107223
0.008372284
0.006170149
0.01631374
0.01207348
0.01105665
0.01057382
0.009779369
0.007526809
0.008673063
0.007584269
0.007543612
0.01144863
0.008914595
0.01108406
0.04776995
0.01179741
0.06149293
0.01549193
0.0360933
1
0.0214895
0.04813227
0.02938614
0.01381485
0.00883474
0.005271353
0.01330715
0.01051392
0.009697673
0.01648812
0.009697673
0.01761965
0.01450809
0.01030238
0.009275273
0.01327005
0.01377343
0.01283274
0.008633117
0.02653149
0.00868405
0.01006085
0.008551421
0.0226459
0.0504818
0.007526809
0.01072487
0.0109056
0.01006085
0.02425482
0.9433675
0.02129115
0.03117539
0.006074148
0.01165006
0.01280149
0.01931107
0.008893511
0.007946732
0.006640623
0.007526809
0.00468636
0.01006085
0.009286844
0.008914595
0
0.008633117
0.01771643
0.007779331
0.01597812
0.007345942
0.009939208
0.01277632
0.03127749
0.1079581
0.02241142
0.07133292
0.01006085
0.07220975
0.04633582
0.05308353
0.9257318
0.02164975
0.009909211
0.0140218
0.01087412
0.009995954
0.01344135
0.01144863
0.01078512
0.01321403
0.004509714
0.01586699
0.01516122
0.01108546
0.01278698
0.01006085
0.007285277
0.0144944
0.01126771
0.008632387
0.009697673
0.01435749
0.01838956
0.03659184
0.007285277
0.03949742
0.008309889
0.005857546
0.02653847
0.01359872
0.03029532
0.9500856
0.02054293
0.008066623
0.01644354
0.01275656
0.007963533
0.01394256
0.01446732
0.01111659
0.01193509
0.01076136
0.01253719
0.02245306
0.009548387
0.009334518
0.009698384
0.009698384
0.01311972
0.012414
0.01108531
0.008191873
0.008188265
0.01042153
0.00959154
0.01030238
0.01496256
0.01597711
0.009864145
0.01710449
0.01144863
0.01414287
0.8816261
0.2128848
0.1182864
0.06757938
0.1393857
0.1248717
0.01283755
0.0244063
0.04605095
0.03541324
0.008144692
0.01005954
0.009995954
0.009576033
0.008673063
0.0112287
0.0106031
0.009156128
0.01006085
0.01144863
0.01064447
0.01030238
0.01147972
0.01144918
0.0139126
0.01401496
0.01030238
0.01150853
0.009334518
0.009516805
0.2179577
0.9750713
0.1130491
0.02031053
0.03988875
0.1040291
0.04796115
0.05338054
0.06530016
0.01322868
0.008633117
0.009399375
0.009156128
0.01030238
0.01144863
0.009021931
0.01108546
0.002217209
0.006099079
0.008162169
0.008410081
0.009632798
0.007203873
0.01054732
0.01035913
0.008309889
0.007285277
0.007567685
0.01144863
0.009156128
0.1181135
0.134575
0.9196324
0.03562962
0.1227664
0.1053875
0.03223597
0.01035913
0.01764135
0.08157892
0.008673063
0.01147478
0.01241502
0.01344022
0.01002309
0.01153853
0.006139025
0.01207289
0.01237436
0.01006085
0.007825091
0.01135695
0.01144863
0.007526809
0.01341026
0.01633685
0.01006085
0.01618422
0.007718648
0.008673063
0.06470455
0.05061763
0.007946732
0.9755546
0.1355809
0.1112413
0.03648669
0.08462448
0.09325852
0.108169
0.009632798
0.01066269
0.01158894
0.01185185
0.01131059
0.01108546
0.01144863
0.01144863
0.009697673
0.01332608
0.01701622
0.008971342
0.01157113
0.01037327
0.009605555
0.01105665
0.0106044
0.01153853
0.0109533
0.01144863
0.1324562
0.07975037
0.1301064
0.08416855
0.9774304
0.1669335
0.04747056
0.08464976
0.00770345
0.03706769
0.008793391
0.01144863
0.00709876
0.01045415
0.01011947
0.007827551
0.006811467
0.005171871
0.005260619
0.01241612
0.0105455
0.01144863
0.008309889
0.01515393
0.009424413
0.004807997
0.01032254
0.01108546
0.01418029
0.006195772
0.01383608
0.1040118
0.1072491
0.1139893
0.08740772
0.8817775
0.01943185
0.09143397
0.05824067
0.1563135
0.01064649
0.008689864
0.008191727
0.006402735
0.01125827
0.009632798
0.01523734
0.009156128
0.01235523
0.01108746
0.008914595
0.01275731
0.01175171
0.009939208
0.01199089
0.01539446
0.01602699
0.00959154
0.01766737
0.007012017
0.06401754
0.06073423
0.06109903
0.04369539
0.1230147
0.08560459
0.8769034
0.01580735
0.08390282
0.06531116
0.01650913
0.009165788
0.01036101
0.008956382
0.006922121
0.01126689
0.01216066
0.006099079
0.01035913
0.01110802
0.01253564
0.01030238
0.008608187
0.01030238
0.01108546
0.009156128
0.009173933
0.007827551
0.009999691
0.009900264
0.02019007
0.01175052
0.09667135
0.1225225
0.1019084
0.07517408
0.01120781
0.941106
0.09949444
0.06289922
0.006602172
0.009576033
0.01081535
0.007180437
0.01006085
0.008914595
0.01515413
0.009136794
0.006074148
0.008849702
0.009632798
0.01314724
0.0107223
0.009779369
0.01657978
0.008673063
0.00856241
0.009710977
0.01434725
0.01503841
0.0107223
0.01138543
0.08750446
0.08120468
0.09061782
0.06020568
0.04759008
0.02299253
0.9761664
0.06669337
0.01635275
0.01460414
0.01090816
0.006882156
0.01451582
0.01030238
0.01566116
0.008995289
0.009632798
0.01023995
0.01138839
0.01006085
0.008245014
0.01224584
0.01288375
0.007464376
0.01438703
0.01066306
0.007716187
0.01259356
0.04263049
0.0573059
0.0234507
0.04300522
0.04639127
0.0718602
0.02214539
0.09190179
0.02590585
0.94727
