0.2715073
0.154428
0.1839425
0.1768441
0.1291485
0.1615605
0.1510885
0.1689495
0.09673469
0.01920288
0.01695935
0.01879174
0.02092899
0.02556132
0.01190955
0.01787243
0.03358008
0.01562926
0.03964629
0.02729633
0.02046604
0.01466742
0.01765069
0.01954678
0.01589021
0.01110483
0.01818034
0.02709281
0.01435952
0.03238362
0.08546102
0.5348978
0.1046624
0.197483
0.1468824
0.2206857
0.08378768
0.138899
0.01807923
0.02169326
0.01787243
0.01419529
0.01527882
0.02787857
0.004883754
0.01879174
0.01954678
0.01603386
0.04533908
0.03030224
0.05027185
0.01115451
0.03109095
0.01985469
0.01709682
0.004664176
0.02424166
0.01634177
0.01659996
0.0193272
0.1644773
0.2483629
0.4501264
0.2614438
0.2487841
0.2318779
0.02620126
0.1785065
0.1194161
0.0224483
0.02563425
0.02627267
0.02212798
0.02898101
0.01365028
0.01787243
0.01688711
0.01879174
0.02440006
0.01818034
0.02394108
0.02046604
0.02291711
0.02062398
0.02545974
0.02520617
0.02230465
0.02169326
0.0166173
0.01818034
0.0236643
0.2142469
0.3644463
0.5520975
0.05620474
0.2559978
0.298659
0.01398116
0.1171715
0.06574221
0.01466742
0.02343112
0.013647
0.02039606
0.01879174
0.02060973
0.02038499
0.01879174
0.03243691
0.02746391
0.01879174
0.02520617
0.01940313
0.01726103
0.04023461
0.02169326
0.01818034
0.02060973
0.02383305
0.02108546
0.1528242
0.33616
0.1879619
0.06017502
1
0.4619174
0.3204979
0.1122395
0.0224483
0.1207614
0.02378046
0.01700188
0.01129995
0.0300935
0.006875863
0.02428686
0.02646305
0.01754426
0.02543954
0.0233676
0.0135982
0.004638964
0.02482233
0.01954678
0.01589021
0.01527882
0.01936078
0.01466742
0.02006144
0.00931594
0.1488317
0.4511726
0.2044604
0.2239306
0.5075626
0.6847076
0.2060402
0.1948838
0.04479079
0.04749096
0.02270634
0.02520617
0.0137907
0.01698896
0.02169496
0.0123773
0.01634177
0.02077395
0.009008047
0.01879174
0.02169326
0.02230465
0.03200869
0.02137907
0.01893538
0.0316738
0.02209859
0.02184788
0.02409981
0.01848382
0.1405842
0.2423753
0.2819385
0.2440747
0.1051872
0.04438485
0.4933148
0.2360985
0.1413194
0.03826948
0.01626141
0.01145799
0.0123773
0.02775384
0.01247915
0.01466742
0.02138535
0.01581429
0.01527882
0.01634177
0.02520617
0.01625131
0.02046604
0.02569177
0.0233676
0.01527882
0.01893538
0.02169326
0.03008954
0.02230465
0.1227464
0.1998322
0.1702893
0.04920253
0.1105296
0.1975707
0.1455754
0.302027
0.09481129
0.03054917
0.01450321
0.02520617
0.009070785
0.01954678
0.01818034
0.03101101
0.02001047
0.02169326
0.02940627
0.01985469
0.01709682
0.02046604
0.01756857
0.01879174
0.01985469
0.01787243
0.007895214
0.01879174
0.01466742
0.02001047
0.01834142
0.1352545
0.1758253
0.1822155
0.1280704
0.1984207
0.1511806
0.1340005
0.5174675
0.01374817
0.01954678
0.0123773
0.02031612
0.01818034
0.02303174
0.002290132
0.01801612
0.04224603
0.02482528
0.02790256
0.01801612
0.02382903
0.01879174
0.01153166
0.01985469
0.003744886
0.02169326
0.02130941
0.01456631
0.02298376
0.0403009
0.06540754
0.08960747
0.07254113
0.05420846
0.02772842
0.04400156
0.0221074
0.05105253
0.2059848
0.0224483
0.01654852
0.02077395
0.02781034
0.01344025
0.02169326
0.02765378
0.02230465
0.01129377
0.02230465
0.01115451
0.02230465
0.01637217
0.01862747
0.01314152
0.01527882
0.0146641
0.01764035
0.01527882
0.006038693
0.02609923
0.03125047
0.02566686
0.01897782
0.01708708
0.01127135
0.02653469
0.02253765
0.02856133
0.01282886
0.05991523
0.02536144
0.02462259
0.03473769
0.02658059
0.00996987
0.01497091
0.03529253
0.02230465
0.06750406
0.03397222
0.01548082
0.02428686
0.02169326
0.01985469
0.02047227
0.01527882
0.02329975
0.02169506
0.02215468
0.01864491
0.01834142
0.02223573
0.01836642
0.02947371
0.02874436
0.01207345
0.02613028
0.02169326
0.02464432
0.02169326
0.5290376
0.02108366
0.16472
0.02589018
0.01954678
0.1803539
0.0654491
0.05307742
0.01818034
0.01954678
0.01466742
0.02047227
0.01818034
0.01374992
0.01787243
0
0.02152899
0.01747189
0.02258078
0.0187886
0.0429143
0.03435136
0.02525368
0.02056323
0.02686387
0.01466742
0.0119989
0.02253857
0.03017012
0.0151146
0.02764764
0.09036952
0.02616413
0.01862747
0.007333716
0.02194484
0.0341071
0.03508527
0.02795556
0.01305641
0.01068238
0.01801612
0.01438738
0.01589021
0.01782132
0.02077395
0.02230465
0.01730357
0.01818034
0.0154399
0.02086565
0.02291023
0.02395644
0.02194272
0.03466167
0.02220312
0.02192625
0.01603386
0.01855966
0.02169326
0.1316545
0.01466742
0.3180766
0.01591498
0.01940313
0.02635303
0.02054487
0.02408893
0.05907572
0.01565814
0.01295987
0.02138714
0.02994589
0.01512078
0.007684144
0.01252095
0.01497091
0.004267957
0.02169326
0.01131564
0.03393975
0.01821729
0.0238956
0.02790048
0.01928093
0.01879174
0.01718616
0.01818034
0.0241196
0.0169623
0.03065452
0.01772278
0.02723221
0.2452046
0.0233676
0.02963973
0.01527882
0.03839014
0.03647196
0.02428686
0.04540062
0.02645341
0.01176591
0.01940313
0.0123773
0.01954678
0.02230465
0.008253002
0.02138535
0.02292785
0.02536725
0.01251536
0.02158859
0.01537597
0.02242145
0.01787243
0.02253765
0.02479968
0.02390307
0.07878511
0.03863168
0.01031104
0.0233676
0.01879174
0.09940501
0.03311191
0.02299184
0.05580305
0.01466742
0.02169506
0.01129377
0.0123773
0.02307062
0.02169326
0.007333716
0.01862747
0.01695317
0.01603386
0.02169326
0.02154643
0.02498779
0.02534424
0.02157148
0.02162618
0.03547147
0.01435952
0.01810547
0.02428686
0.02520617
0.008864392
0.06577431
0.01084664
0.07654583
0.02268618
0.1438843
0.5571381
0.08589186
0.0450945
0.07850345
0.02267585
0.02600928
0.0151146
0.03978209
0.01695317
0.0249741
0.0001436585
0.02152899
0.02152899
0.02306587
0.01292056
0.02164505
0.02442493
0.01713925
0.01965071
0.001348141
0.02523804
0.02128141
0.02856903
0.02268734
0.05536228
0.09929097
0.02169326
0.03376957
0.02154329
0.07424593
0.01756456
0.3796424
0.02230465
0.01374817
0.02230465
0.02520617
0.01787243
0.01998717
0.01787243
0.01497091
0.009927338
0.02153702
0.02230465
0.03766107
0.01865302
0.03966303
0.01801054
0.04003857
0.02998432
0.01508775
0.02054487
0.01916838
0.02739329
0.03147323
0.03914094
0.008328826
0.01879174
0.01881148
0.01450321
0.02927859
0.01825659
0.03754192
0.3750948
0.06807837
0.01726103
0.01726103
0.01673143
0.02230465
0.02169326
0.01665144
0.007169475
0.01879174
0.02123326
0.01517734
0.02115082
0.02405234
0.01544931
0.01652786
0.02670251
0.01951993
0.02930682
0.02303788
0.01127306
0.02266358
0.01695317
0.02328946
0.03022686
0.1752452
0.01627392
0.01709682
0.1286581
0.005348152
0.09657176
0.3307813
0.02933449
0.02367907
0.0168032
0.02558941
0.01527882
0.01818034
0.02994589
0.01695317
0.01746783
0.0205522
0.02352869
0.02246574
0.02250545
0.01921765
0.02565944
0.01706056
0.03155307
0.02387502
0.01480669
0.0272978
0.01687724
0.02428686
0.01589021
0.02071592
0.0151146
0.01603386
0.02230465
0.01458711
0.02049939
0.03093481
0.4056202
0.06397233
0.06019417
0.02650572
0.1906714
0.09129708
0.01879174
0.02275796
0.01530663
0.0249741
0.03052006
0.02055774
0.01418874
0.01788082
0.01789282
0.02508518
0.01176591
0.01902473
0.02703842
0.02982475
0.01527882
0.02615496
0.01688531
0.03385805
0.01893538
0.02607211
0.02169326
0.02474022
0.02520617
0.03445275
0.02937841
0.3521742
0.01818034
0.01467102
0.07644185
0.2073041
0.02152899
0.01954678
0.02169326
0.02006144
0.01176277
0.01680634
0.02534424
0.02427948
0.01883445
0.01127135
0.01744061
0.01306186
0.009927338
0.009927338
0.02230465
0.02230465
0.02230465
0.02398518
0.01528104
0.01954678
0.02200108
0.03663258
0.02169326
0.01847755
0.2654185
0.1431506
0.1575374
0.02520617
0.1287701
0.01527882
0.01862747
0.01879174
0.005701911
0.02138535
0.02154643
0.01534478
0.01409298
0.02096008
0.01755224
0.02261459
0.05310131
0.01737848
0.0151146
0.01862747
0.01573397
0.01404745
0.02192081
0.02520617
0.02004622
0.01940313
0.02842211
0.02200255
0.02100155
0.05039695
0.02292006
0.02872195
0.07208376
0.2405314
0.02060973
0.06879337
0.01752074
0.01695317
0.02385975
0.05612295
0.01895282
0.02185434
0.01800362
0.01454565
0.01735823
0.02453795
0.02436861
0.02192625
0.02637637
0.0224483
0.02385505
0.02363465
0.01627438
0.03630552
0.01879174
0.007641617
0.02790408
0.02683522
0.01924509
0.0229767
0.04556405
0.1553143
0.1157828
0.03388619
0.174875
0.07313855
0.008966247
0.02541107
0.008088762
0.08350283
0.01788202
0.0245164
0.01739914
0.02171512
0.01964393
0.02532301
0.02750497
0.0179412
0.008088762
0.02279897
0.02963207
0.02497114
0.03333642
0.02657879
0.01466742
0.01061457
0.01818034
0.0001436585
0.02902363
0.02306587
0.0387179
0.05509247
0.09104255
0.07753512
0.1100058
0.1863795
0.008396663
0.02917835
0.02251103
0.05711616
0.01786929
0.02334399
0.01668663
0.01546491
0.01883127
0.02370079
0.02638444
0.01107964
0.03254024
0.02230465
0.01770821
0.01954678
0.01199346
0.02676266
0.01879174
0.007780865
0.01695317
0.0135839
0.01940313
0.02046604
0.0233676
0.01837482
0.02169326
0.02443231
0.02410465
0.01862747
0.04436691
0.0135839
0.01176591
0.01818034
0.01619494
0.02093508
0.01570662
0.02096008
0.01995161
0.01874431
0.02169326
0.01830073
0.02062698
0.02169326
0.02016435
0.03352025
0.03119161
0.01609512
0.01176591
0.02230465
0.02230465
0.02532887
0.02769562
0.02077395
0.02008224
0.01879174
0.01696262
0.01474326
0.01818034
0.01818034
0.01627392
0.09618893
0.01879174
0.02887251
0.01605942
0.02061577
0.01602828
0.00888626
0.0224018
0.02055747
0.03246431
0.02192625
0.03359027
0.02482528
0.02169326
0.01542247
0.01053873
0.04208172
0.013647
0.008864392
0.03202613
0.01497091
0.02741594
0.02169506
0.01435952
0.01828316
0.02138535
0.02230465
0.01474326
0.01598713
0.02230465
0.01955595
0.02230465
0.02085172
0.02185434
0.02548604
0.0183184
0.02945581
0.03207323
0.02328384
0.01390168
0.02706928
0.03838304
0.02036109
0.01818034
0.0114591
0.008636728
0.02818648
0.02152899
0.01589021
0.04848278
0.02230465
0.0224483
0.03376031
0.04968726
0.04776021
0.02831342
0.03391549
0.05914828
0.05728961
0.02729116
0.01756456
0.02046604
0.02005212
