0.3809547
0.2078187
0.2514188
0.0225188
0.1704746
0.233014
0.02611217
0.2292705
0.1225915
0.008057958
0.1059375
0.9399243
0.1343027
0.271526
0.1966719
0.3056976
0.1236752
0.172626
0.006398041
0.03326116
0.222664
0.3462818
0.6446378
0.3659073
0.3472059
0.3184573
0.02186107
0.2436355
0.1554708
0.008468598
0.01464858
0.06253256
0.5181602
0.8704038
0.0627188
0.3577442
0.4212598
0.3023641
0.1533989
0.01455515
0.2054494
0.5657213
0.2573564
0.06858388
1
0.6619737
0.003376533
0.145496
0.2102024
0.01633241
0.1995516
0.6337137
0.2634178
0.310491
0.7294036
0.991172
0.2831362
0.2246979
0.1807156
0.0498464
0.2080002
0.3377385
0.4261842
0.3399943
0.1350779
0.03811546
0.7084377
0.3317534
0.05451316
0.08690699
0.1610172
0.2748918
0.2316822
0.05237481
0.1435466
0.2438732
0.02257128
0.4258587
0.1348407
0.02392086
0.006785371
0.1794947
0.2394278
0.2488676
0.1688821
0.01031019
0.2047714
0.0003441917
0.7441173
0
0.03922491
0.01716425
0.03158665
0.08685165
0.03609683
0.02201031
0.01692629
0.01234865
0.05602113
0.2336639
