0.5683968
0.07057366
0.09151842
0.5891899
0.3067935
0.3684785
0.3821581
0.2280492
0.05849187
0.1273706
0.06130851
0.1175416
0.1096809
0.05550567
0.05466292
0.1242055
0.05971608
0.1247593
0.05221394
0.05215857
0.1078322
0.1205745
0.06919828
0.06481642
0.07801135
0.1374882
0.02213765
0.1099019
0.06126463
0.06582515
0.2001422
0.4206164
0.3633976
0.2261633
0.5545158
0.3387032
0.07864136
0.05975665
0.05040462
0.07638428
0.06130851
0.03937702
0.07361755
0.07543594
0.07818972
0.06616402
0.1268298
0.05628858
0.04840109
0.07242139
0.04177982
0.06138432
0.03416463
0.06528489
0.05424824
0.08015828
0.08259849
0.04758627
0.08939077
0.07066975
0.09057615
0.08770442
0.1189999
0.2421437
0.07170495
0.04146583
0.1814395
0.08956295
0.109939
0.09164442
0.076052
0.1120104
0.07392205
0.0694792
0.08039086
0.05957253
0.03780847
0.03963723
0.06370053
0.0519244
0.07041586
0.03945081
0.05249615
0.05588943
0.06806844
0.05293141
0.05159227
0.05057247
0.08078224
0.07066975
0.2666696
0.1097458
0.3433186
1
0.10095
0.3856206
0.4202597
0.07129946
0.08025566
0.09662796
0.09485128
0.07745859
0.05234153
0.06857316
0.0432251
0.1015464
0.03971489
0.05320499
0.04844828
0.07028599
0.05942668
0.04138312
0.04747277
0.07912984
0.03666337
0.1115498
0.06938973
0.06654319
0.05134157
0.06107075
0.05731054
0.06144846
0.04273994
0.0670167
0.1218716
0.1108594
0.1366952
0.1298974
0.09162961
0.03005404
0.05602348
0.09491313
0.1215813
0.09731796
0.06173255
0.08585813
0.0641434
0.0705144
0.07035589
0.0374706
0.04560648
0.08035792
0.05085137
0.1270534
0.08882478
0.07211129
0.06750833
0.05054241
0.07716472
0.09363125
0.1868665
0.1501345
0.1455622
0.07864454
0.129495
0.1504403
0.06182906
0.06822105
0.05855532
0.1216817
0.02512789
0.05546309
0.03955941
0.02974953
0.05233692
0.1330823
0.08296916
0.04201356
0.06315552
0.03755732
0.07554066
0.08564524
0.03989757
0.0779836
0.0789732
0.08944486
0.05699323
0.03907654
0.1107978
0.07066975
0.04482832
0.06615411
0.282903
0.04618902
0.4061972
0.2490466
0.3574257
0.04899083
0.2636919
0.05295126
0.05154323
0.09349936
0.05132301
0.0628562
0.07466426
0.05398315
0.0574751
0.05733888
0.03940089
0.0357713
0.0555517
0.06000074
0.06412771
0.07129515
0.06253947
0.05278484
0.06999686
0.07977092
0.06239419
0.07114498
0.07038078
0.1865683
0.3098109
0.2732804
0.257268
0.3377984
0.06342134
0.4189177
0.2003055
0.0770219
0.05239057
0.058866
0.05962547
0.06721778
0.05366914
0.03780847
0.03373528
0.05628858
0.05030753
0.0583722
0.1083435
0.05278484
0.1031025
0.04684204
0.07354333
0.05746574
0.0364341
0.07516769
0.06923985
0.02876108
0.0504305
0.1002577
0.05420652
0.06047324
0.07714847
0.04382016
0.0687475
0.06217512
0.2146599
0.05935491
0.04764954
0.1581368
0.04191374
0.05263165
0.064251
0.06137582
0.04493576
0.03160476
0.05615725
0.08560713
0.03273244
0.05389511
0.04843289
0.1580984
0.04587689
0.04056943
0.09413641
0.05961986
0.1057355
0.07344854
0.04826316
0.05675346
0.04509427
0.04958229
0.06681302
0.1419037
0.1578291
0.0602687
0.059452
0.1303915
0.07481471
0.05387067
0.09658194
0.004563347
0.07030872
0.06741341
0.08179198
0.05370396
0.06066497
0.04455186
0.07038049
0.0697279
0.05703235
0.0703602
0.06097236
0.0504305
0.05982194
0.0497595
0.06920548
0.04403808
0.0523913
0.05836501
0.0479608
0.0286348
0.0395886
0.05136602
0.05174043
0.04899961
0.04849818
0.08194647
0.0677087
0.05491334
0.06764785
0.04123756
0.07416844
0.06777027
0.04780216
0.04716869
0.06744217
0.06459907
0.05942668
0.06070438
0.06798617
0.06193405
0.06184559
0.03705821
0.07073921
0.04483954
0.03611737
0.06098056
0.02329223
0.05057247
0.02083233
0.03768218
0.006727256
0.02860559
0.07820036
0.05740231
0.03945081
0.05601226
0.0228157
0.1171626
0.05980454
0.03930898
0.05720496
0.08450231
0.06398618
0.05013333
0.0503547
0.01551713
0.0777874
0.05020827
0.0602467
0.07845208
0.05985647
0.04952908
0.05985978
0.05858207
0.0650805
0.07066975
0.02857725
0.05961986
0.05560075
0.0688384
0.05958979
0.03273991
0.0374706
0.06308375
0.03722909
0.04806495
0.06798286
0.09531214
0.07996654
0.2261448
0.07891854
0.05938828
0.1488629
0.0944865
0.04558189
0.05028493
0.05082721
0.0470519
0.05989876
0.04445995
0.05998117
0.05594754
0.05503949
0.06049755
0.05559456
0.01793992
0.05428895
0.05637747
0.05228572
0.02669917
0.07727994
0.04382016
0.04508305
0.05122133
0.03416578
0.02617819
0.1331382
0.05273363
0.0705144
0.03260529
0.1241554
0.06654275
0.07066975
0.06558523
0.07145265
0.08454662
0.1052125
0.06469876
0.04607856
0.04535116
0.1300377
0.04852422
0.06213988
0.0705436
0.06435139
0.05111661
0.106651
0.08889987
0.05433843
0.09608368
0.1122213
0.06478132
0.07033201
0.06217512
0.09253334
0.07481471
0.09163997
0.6443697
0.7435623
0.08695345
0.1365586
0.4272659
0.05684954
0.03938465
0.05884285
0.3724663
0.05557773
0.07237825
0.07213055
0.03111541
0.06194844
0.05947788
0.08336385
0.1072325
0.05985978
0.06320803
0.02902517
0.06155735
0.05560017
0.00641192
0.02185185
0.03447115
0.0484244
0.07333146
0.06135842
0.04130732
0.04844828
0.2597467
0.09913549
0.06123859
0.04594565
0.2770347
0.2773554
0.0595606
0.05940208
0.04642548
0.07892774
0.0504305
0.04321201
0.09463625
0.08562799
0.04565769
0.05729156
0.0468091
0.06120364
0.05057175
0.01475699
0.05961986
0.03403044
0.03765297
0.04767587
0.02651075
0.0484244
0.0568901
0.06366414
0.04840109
0.06748935
0.05937821
0.07440851
0.03260529
0.057777
0.03875477
0.07724556
0.0705144
0.05426219
0.05142931
0.0470847
0.04089134
0.04442729
0.03637268
0.06836633
0.05947788
0.06169183
0.05385685
0.07499868
0.05378163
0.03674105
0.06487179
0.0643724
0.0500302
0.04068134
0.0595606
0.05033082
0.03166819
0.04340994
0.04995109
0.1763921
0.1295758
0.1801143
0.05931017
0.2047806
0.1034999
0.1047844
0.2752954
0.07030872
0.1731435
0.0703464
0.08667729
0.06798617
0.08368906
0.08290298
0.08859061
0.05302764
0.0705436
0.05927666
0.05971608
0.0751743
0.04152508
0.04177982
0.09068762
0.05289675
0.04035209
0.07064558
0.1187046
0.05562535
0.06462295
0.09884623
0.469773
0.09531013
0.05197345
0.1190507
0.3200483
0.1368211
0.0466867
0.05266186
0.04746429
0.05040303
0.0635285
0.0393855
0.05536341
0.0513817
0.07043169
0.05070279
0.041973
0.03504794
0.05971608
0.07048605
0.03675227
0.07038049
0.07771016
0.07372314
0.03778559
0.04317016
0.03357461
0.03064751
0.05362197
0.07035589
0.3121615
0.0466867
0.07816497
0.2948817
0.1703027
0.1627697
0.177115
0.07033201
0.2677157
0.04514318
0.05087855
0.05459791
0.0533809
0.05501562
0.06307469
0.08415408
0.1092143
0.08794823
0.05588943
0.04373759
0.05961986
0.05942668
0.03924411
0.0705436
0.04178731
0.07009138
0.05784706
0.0389386
0.04271534
0.05889002
0.1144038
0.112941
0.09278822
0.04130732
0.07066975
0.06207042
0.07178219
0.06126133
0.1217096
0.13151
0.1451317
0.1566346
0.08259028
0.2016219
0.4090619
0.1908328
0.08273541
0.07878002
0.09174827
0.05570561
0.05450556
0.07038049
0.05573408
0.06930688
0.04860679
0.0629251
0.05184356
0.05436374
0.05940208
0.04844828
0.0608547
0.07045844
0.03646459
0.05443739
0.08457221
0.06773891
0.07636226
0.07030872
0.05646578
0.348171
0.6444194
0.2960359
0.2604242
0.4241019
0.351891
0.4849347
0.4112591
0.4211107
0.07066975
0.0418854
0.04152508
0.05801707
0.06481066
0.06767706
0.0565446
0.07140461
0.05908233
0.03945081
0.05940208
0.05874245
0.05825858
0.07167776
0.04452986
0.03935371
0.09148476
0.05398315
0.05843319
0.04113456
0
0.3458596
0.07206511
0.6453063
0.0672677
0.4051653
0.3937865
0.057756
0.3057992
0.6084609
0.2854067
0.05947788
0.03057129
0.03559898
0.05573408
0.06149621
0.0596282
0.09174684
0.07589708
0.05658545
0.05718036
0.05366914
0.04981876
0.06726799
0.07589119
0.04599556
0.04969276
0.0806036
0.05892469
0.06110455
0.05933233
0.2239432
0.1036674
0.3717726
0.2668665
0.33307
0.2563848
0.2067368
0.07662807
0.3610489
0.1041013
0.0504305
0.04674596
0.04338462
0.05382766
0.04290305
0.02618712
0.03695853
0.0535758
0.05658545
0.07030872
0.06773388
0.0374706
0.07060502
0.04672971
0.04534657
0.0650897
0.07234559
0.07725909
0.02271415
0.05937821
0.1183581
0.03992476
0.04034562
0.4188522
0.2747506
0.2151833
0.1098606
0.1684557
0.06390392
0.2826676
0.05570561
0.02884336
0.05942668
0.06249459
0.01577464
0.05145707
0.058866
0.04880283
0.05040462
0.03240636
0.05366914
0.04555801
0.0505132
0.06919153
0.06290079
0.09379321
0.03398196
0.01574543
0.04840109
0.05646578
0.270856
0.08214813
0.3000313
0.2277005
0.1205902
0.3130379
0.2307118
0.5580198
0.3171924
0.178103
0.04801201
0.0328058
0.04625116
0.05958979
0.06517185
0.05654533
0.05033082
0.05904019
0.04849818
0.03762709
0.0951312
0.06125399
0.0731528
0.06455305
0.08726184
0.1697547
0.08639637
0.07754864
0.05935491
0.03315964
0.2241132
0.05851791
0.09970725
0.1739369
0.2610431
0.1086125
0.5720307
0.2520826
0.3033605
0.1623781
0.05341182
0.05950003
0.05730393
0.0705436
0.05054241
0.04478027
0.0355505
0.03262816
0.05085252
0.07917457
0.05844197
0.06765002
0.04764668
0.08121318
0.03411587
0.05684954
0.06045613
0.04287385
0.05935491
0.0674196
0.5306253
0.3140402
0.6786174
0.5340836
0.5143441
0.06954724
0.3696928
0.529672
0.58895
0.2062092
0.04857844
0.06152628
0.05730393
0.06867558
0.07145135
0.06478132
0.1453215
0.04011404
0.02807599
0.0525777
0.04793621
0.08983696
0.0505132
0.05073285
0.09128541
0.07016718
0.0651822
0.06146702
0.07442778
0.06168666
0.5568774
0.3185911
0.06124105
0.7105908
0.8672541
0.3856069
0.7470517
0.5747011
0.8198028
0.3681349
0.07238156
0.04480085
0.06299789
0.07744363
0.06486633
0.03714092
0.04128344
0.03975546
0.06185854
0.08600714
0.07035589
0.1450608
0.07393529
0.06481972
0.05030753
0.07892544
0.05176128
0.05241964
0.05552839
0.05053551
0.1295809
0.06458916
0.3984056
0.06780335
0.1619249
0.3147008
0.6155618
0.7389714
0.5044813
0.05978541
