542.7469
56.63507
76.65319
62.78273
54.02221
98.79184
78.69373
26.69998
54.96996
12.8476
48.10523
555.3701
68.94049
61.18031
66.52432
105.4672
90.44086
24.02946
22.28493
17.33791
79.4443
58.87074
537.1857
167.4409
93.35766
130.5554
102.9306
68.9894
45.66467
31.77129
63.65364
71.02885
165.2569
553.7607
101.351
73.84743
56.73512
75.62079
14.72615
12.78284
52.9741
66.48731
92.78976
101.351
555.8904
148.0035
41.16675
42.19966
57.36962
22.389
91.08906
108.6976
94.20641
74.83587
147.9086
541.449
94.47249
95.9591
69.15879
33.1634
52.97689
12.5691
103.6601
63.54903
84.54749
91.80765
540.3694
60.24882
51.96028
15.51954
26.39207
67.3473
77.45273
72.39302
44.52273
80.18659
60.22668
550.7505
51.36837
15.42229
54.67041
45.23602
54.97773
55.12862
30.84245
15.31159
50.10301
53.30841
555.8848
14.35724
13.08066
23.37966
34.14388
37.50876
40.95151
30.15789
34.14061
12.83243
15.48272
537.1935
542.7626
56.63507
76.65319
