530.9525
54.25596
74.8995
58.91185
55.24397
88.64585
74.4495
54.57135
53.39002
13.57887
13.95366
13.84483
10.62878
11.92238
13.9245
13.3474
11.22663
12.68392
14.72241
12.05492
13.04689
13.87556
11.45706
14.2873
11.42592
12.01931
12.08606
14.45255
12.65141
16.13657
56.39708
555.3527
68.94049
124.4905
66.52432
111.7782
87.06931
29.99378
45.0586
13.48988
10.87835
10.29695
13.04689
11.85563
12.26366
12.68392
13.24617
12.90389
14.26608
12.18746
12.68392
12.6832
13.39515
12.61717
11.76792
15.7973
11.32562
11.92238
12.38594
18.35457
36.1412
69.46294
555.3547
166.9125
92.85005
123.1322
104.7039
77.29259
45.66467
31.24129
11.42592
11.82505
12.16466
11.16687
12.28535
10.66438
13.55995
11.42592
11.33669
11.59659
14.94219
13.04689
13.57751
12.68392
13.21366
15.24442
12.68392
12.48463
12.81646
12.08606
63.65364
71.0075
158.559
555.9078
101.336
74.39166
63.48609
75.82668
51.79721
38.25691
13.47699
13.76921
12.68392
12.8348
13.42964
12.05492
13.04689
13.64338
16.32712
11.80756
12.05492
12.33692
11.72309
13.44546
11.85563
12.28535
12.18746
15.15212
14.75408
11.90656
52.9741
66.46339
92.78976
101.351
555.8925
148.5625
89.1463
42.2139
57.36962
22.389
14.53093
12.68392
12.17053
9.978808
14.54507
11.85563
12.81646
12.49152
13.62274
11.67278
11.05849
12.89474
15.81587
14.04195
13.29462
12.21972
13.74373
11.76792
12.76291
11.45706
91.61906
123.9477
94.28077
75.35335
147.8916
554.8248
92.97752
78.57234
70.98925
29.62789
12.60071
12.44903
11.52381
12.80903
17.13545
12.79112
11.39031
12.81638
11.33251
13.21366
14.03611
11.92238
14.45515
12.08606
11.973
13.04689
11.92238
11.09409
12.2186
13.04689
53.50689
87.12791
105.7049
63.54903
89.005
95.13041
555.8577
60.24882
51.96028
33.57076
12.67215
12.8476
12.45212
13.19824
11.97724
13.17546
11.92238
11.55709
13.62274
10.59722
11.85563
12.08606
12.48463
12.29138
12.01025
11.79587
14.55415
11.36345
11.41546
15.77782
26.39207
67.3473
77.46785
72.46478
44.61983
80.11796
60.23973
555.324
58.19204
16.28603
11.39268
11.98817
16.12029
12.81646
10.13366
11.16084
10.26581
13.54549
11.85563
12.2186
12.2186
14.35091
13.75319
12.61717
15.53141
11.34271
12.02241
12.8476
14.82586
11.71132
54.69641
45.22179
54.97773
55.12862
30.84245
70.81617
50.12958
50.79368
555.9078
63.86881
14.56519
10.3993
12.68392
13.81898
11.88678
12.41788
11.16084
12.48463
12.55265
13.44605
11.48216
16.3616
14.7985
13.95345
13.04689
10.76227
11.32452
16.34667
13.34516
13.30118
21.48946
13.56707
33.78327
37.50876
22.389
30.30498
37.57391
15.35586
36.72732
554.8325
10.89481
13.64485
15.69701
11.47525
13.36289
11.45706
14.04195
12.07177
15.07956
12.05492
12.01931
12.68392
13.11402
15.06944
13.9245
12.8476
11.16084
12.73325
12.48463
12.47286
13.15256
12.63446
13.44623
9.605257
13.75515
11.02735
12.05492
11.16084
14.43938
12.18769
555.3547
36.36999
14.21626
19.1687
11.88678
12.57399
12.81646
19.5899
25.89994
12.03846
11.72309
11.92238
17.54714
11.92238
12.05492
11.88678
12.35248
13.44546
12.05355
13.59932
12.68392
12.68392
12.30875
13.11505
11.55933
12.76688
13.76139
12.08606
13.44546
13.44546
11.92238
521.5414
11.80606
36.88483
13.49565
27.07579
27.03538
31.42109
59.88602
25.71698
11.5091
12.68392
11.83395
13.2955
12.05492
13.2139
11.81164
11.65635
13.11536
14.79544
17.17249
14.63812
12.08606
12.68392
13.54573
11.65635
13.43006
12.68493
11.38113
15.8963
17.24174
11.72173
526.8156
16.41108
12.40316
14.34041
13.75417
12.44903
10.66438
13.00386
11.25912
13.86312
12.59031
12.79824
12.11377
13.54505
11.56952
12.68392
13.04689
14.11906
13.44546
11.92238
12.18746
14.04195
12.05492
15.12418
12.15422
13.44546
11.92238
11.42592
19.1687
44.29849
12.68392
539.282
13.24617
17.09944
46.31166
14.39109
44.52734
28.72008
12.68392
13.47801
10.77149
12.91473
15.6328
12.28535
13.14993
13.44546
16.52688
13.00657
12.14235
12.99882
12.28535
15.93172
16.27254
15.50044
16.89047
10.62878
14.25888
13.63732
22.21202
14.75815
11.92238
12.61717
524.8129
14.44757
12.13223
21.61008
14.24077
13.19026
12.44408
15.4936
12.05492
12.39652
13.44546
11.76549
13.24481
11.88678
16.45885
14.23637
16.93399
12.68392
11.82877
13.24617
11.68749
11.09409
12.83464
13.54373
12.05492
12.1469
12.51973
18.00846
10.3993
27.36098
11.12524
485.3831
15.63121
19.20981
36.71642
14.7376
14.65441
12.71679
13.09242
12.68392
12.68392
11.63051
13.04689
11.75733
10.54892
16.11516
13.78834
13.23036
12.96541
12.52946
11.29338
11.92238
11.32491
11.3026
13.44546
12.05492
13.2454
33.37659
13.63685
40.907
15.6642
26.96909
555.9078
18.95533
33.57541
23.28857
14.74391
12.0111
10.05571
14.46531
12.93254
12.48463
16.21085
12.48463
16.83177
15.12432
12.81646
12.25284
14.44495
14.72118
14.20498
11.90046
21.7221
11.92841
12.68392
11.85563
19.5899
34.8647
11.29338
13.0483
13.14747
12.68392
20.47279
524.831
18.84649
24.27041
10.49624
13.55599
14.18783
17.75993
12.04335
11.52381
10.80709
11.29338
9.734698
12.68392
12.25919
12.05492
7.163083
11.90046
16.88488
11.43195
15.93099
11.19413
12.61717
14.17402
24.32644
66.40454
19.46123
46.30664
12.68392
46.7878
32.58962
36.29239
515.1535
19.04327
12.60071
14.85747
13.1302
12.64831
14.53895
13.44546
13.08136
14.41421
9.637765
15.87001
15.48272
13.24617
14.17987
12.68392
11.16084
15.11681
13.34618
11.90006
12.48463
15.04168
17.25426
27.24266
11.16084
28.83708
11.72309
10.37738
21.72593
14.62531
23.78748
528.5175
18.43591
11.5896
16.18639
14.16318
11.53303
14.81399
15.10195
13.26325
13.7124
13.06832
14.0428
19.48408
12.40271
12.28535
12.48502
12.48502
14.36246
13.9752
13.24609
11.65833
11.65635
12.88184
12.42639
12.81646
15.37371
15.93044
12.57598
16.54908
13.44546
14.92391
490.9507
123.9825
72.07212
44.24691
83.65026
75.68578
14.20762
20.55591
32.4333
26.59591
11.63244
12.6832
12.64831
12.41788
11.92238
13.32477
12.98148
12.18746
12.68392
13.44546
13.00418
12.81646
13.46252
13.44576
14.79755
14.85372
12.81646
13.47833
12.28535
12.38538
126.7662
542.2283
69.1982
18.30838
29.05182
64.2485
33.48151
36.45537
42.9962
14.42225
11.90046
12.32094
12.18746
12.81646
13.44546
12.11382
13.24617
8.379765
10.50992
11.64203
11.77807
12.44903
11.11617
12.95087
12.8476
11.72309
11.16084
11.31581
13.44546
12.18746
71.97724
81.01038
511.8065
26.71465
74.53051
64.9939
24.8524
12.8476
16.84368
51.92908
11.92238
13.45981
13.97576
14.53833
12.6632
13.49479
10.53184
13.78802
13.95345
12.68392
11.45706
13.39515
13.44546
11.29338
14.52189
16.12784
12.68392
16.04409
11.39865
11.92238
42.66936
34.93924
11.52381
542.4935
81.56239
68.20613
27.18496
53.60032
58.3382
66.52025
12.44903
13.01418
13.52245
13.66672
13.36971
13.24617
13.44546
13.44546
12.48463
14.4757
16.50064
12.08606
13.51268
12.85536
12.43408
13.23036
12.98219
13.49479
13.17365
13.44546
79.84772
50.92568
78.55827
53.35013
543.5228
98.76694
33.2123
53.61419
11.39031
27.50378
11.98841
13.44546
11.05849
12.89974
12.71609
11.45841
10.90084
10.00112
10.04982
13.97636
12.94987
13.44546
11.72309
15.47872
12.33468
9.801446
12.82752
13.24617
14.94444
10.56298
14.75556
64.23901
66.01547
69.71413
55.12761
491.0338
17.82621
57.33699
39.12234
92.93929
13.00529
11.9316
11.65825
10.67655
13.341
12.44903
15.52449
12.18746
13.94295
13.24727
12.05492
14.16359
13.61177
12.61717
13.74302
15.61071
15.95781
12.42639
16.85796
11.01089
42.29237
40.49067
40.69085
31.1407
74.66673
54.13815
488.3592
15.83728
53.20431
43.00223
16.22238
12.19276
12.84863
12.07785
10.96156
13.34573
13.83618
10.50992
12.8476
13.25855
14.04195
12.81646
11.88678
12.81646
13.24617
12.18746
12.19723
11.45841
12.65036
12.5958
18.24228
13.61112
60.21097
74.39667
63.0848
48.41446
13.31331
523.59
61.76013
41.6787
10.78599
12.41788
13.09795
11.10331
12.68392
12.05492
15.47883
12.17685
10.49624
12.01931
12.44903
14.37756
13.04689
12.52946
16.26115
11.92238
11.86166
12.49193
15.03606
15.41533
13.04689
13.41078
55.18069
51.72372
56.88913
40.20063
33.27789
19.78011
542.8292
43.76071
16.13657
15.17703
13.14888
10.93963
15.12856
12.81646
15.75706
12.0992
12.44903
12.7822
13.4124
12.68392
11.68749
13.88292
14.23297
11.25912
15.05789
13.01438
11.3973
14.07373
30.55634
38.60939
20.03153
30.76197
32.62005
46.59599
19.31525
57.5937
21.37878
526.9725
542.7803
56.63507
76.65319
