66.83934
41.45854
47.85678
46.31797
35.97837
43.00475
40.73459
44.60655
28.95162
12.14405
11.65769
12.05492
12.51824
13.52245
10.56298
11.85563
15.26078
11.36935
16.57583
13.89857
12.41788
11.16084
11.80756
12.2186
11.42592
10.38853
11.92238
13.85445
11.09409
15.00141
26.50768
123.9379
30.67022
50.79214
39.82278
55.82208
26.14493
38.09213
11.90046
12.68392
11.85563
11.05849
11.29338
14.02479
9.039907
12.05492
12.2186
11.45706
17.80993
14.5502
18.87927
10.3993
14.72118
12.28535
11.68749
8.992307
13.23637
11.52381
11.57978
12.171
43.63706
61.82202
105.5609
64.65773
61.91334
58.24836
13.66118
46.67836
33.86857
12.8476
13.53826
13.67666
12.77816
14.26378
10.94034
11.85563
11.64203
12.05492
13.27071
11.92238
13.17121
12.41788
12.94923
12.45212
13.50043
13.44546
12.81646
12.68392
11.58354
11.92238
13.11121
54.42625
86.98691
127.6665
20.16542
63.47715
72.72536
11.01207
33.38196
22.23298
11.16084
13.06066
10.93963
12.40271
12.05492
12.44903
12.40031
12.05492
15.01296
13.9349
12.05492
13.44546
12.18746
11.72309
16.70337
12.68392
11.92238
12.44903
13.14779
12.55216
41.11086
80.85493
48.72811
21.02611
224.7641
108.117
77.45966
32.31281
12.8476
34.16019
13.13639
11.66691
10.43083
14.50495
9.471763
13.24617
13.71793
11.78449
13.49605
13.04689
10.92905
8.986841
13.36225
12.2186
11.42592
11.29338
12.17828
11.16084
12.33017
10.00073
40.24537
105.7877
52.30471
56.52551
118.0121
156.4141
52.64719
50.22867
17.69107
18.27642
12.90354
13.44546
10.97078
11.66411
12.68429
10.66438
11.52381
12.48463
9.933984
12.05492
12.68392
12.81646
14.92013
12.61581
12.08606
14.84753
12.77179
12.71744
13.20562
11.98817
38.45744
60.52402
69.10064
60.89242
30.78398
17.60307
114.9234
59.16332
38.61683
16.27736
11.50639
10.46509
10.66438
13.99775
10.68646
11.16084
12.61717
11.40946
11.29338
11.52381
13.44546
11.5042
12.41788
13.55073
13.04689
11.29338
12.08606
12.68392
14.50409
12.81646
34.59052
51.30139
44.897
18.64746
31.94212
50.81114
39.53945
73.45549
28.53466
14.60373
11.12524
13.44546
9.947584
12.2186
11.92238
14.70385
12.31912
12.68392
14.35597
12.28535
11.68749
12.41788
11.78976
12.05492
12.28535
11.85563
9.69274
12.05492
11.16084
12.31912
11.9573
37.30205
46.09712
47.48239
35.74467
50.99542
40.75455
37.03022
120.1593
10.96156
12.2186
10.66438
12.38538
11.92238
12.97408
8.477654
11.88678
17.13941
13.36289
14.02999
11.88678
13.14692
12.05492
10.48106
12.28535
8.79302
12.68392
12.60071
11.13892
12.96368
16.71774
22.16043
27.40656
23.70687
19.73266
13.99224
17.51998
12.7737
19.04851
52.63517
12.8476
11.56863
12.48463
14.01
10.89481
12.68392
13.97606
12.81646
10.42949
12.81646
10.3993
12.81646
11.5304
12.01931
10.83005
11.29338
11.16012
11.80532
11.29338
9.290278
13.63906
14.75576
13.54533
12.09526
11.68538
10.42463
13.73346
12.86697
14.1728
10.76227
20.96979
13.47912
13.31895
15.51173
13.74341
10.14249
11.22663
15.63201
12.81646
22.61492
15.34579
11.33717
13.24617
12.68392
12.28535
12.41923
11.29338
13.03218
12.68431
12.78395
12.02309
11.9573
12.80152
11.96272
14.37059
14.21248
10.59851
13.64579
12.68392
13.32366
12.68392
122.6675
12.55177
43.68968
13.59374
12.2186
47.07883
22.16944
19.48747
11.92238
12.2186
11.16084
12.41923
11.92238
10.96194
11.85563
7.981193
12.64831
11.7688
12.87632
12.05424
17.28428
15.42798
13.45576
12.43895
13.80482
11.16084
10.58235
12.86717
14.52156
11.25778
13.97473
27.57176
13.65313
12.01931
9.571017
12.73846
15.37503
15.58708
14.04148
10.8116
10.29695
11.88678
11.10013
11.42592
11.84455
12.48463
12.81646
11.73231
11.92238
11.3283
12.50451
12.94774
13.17454
12.738
15.49525
12.79445
12.73443
11.45706
12.00461
12.68392
36.52163
11.16084
76.93476
11.43129
12.18746
13.69408
12.43497
13.20326
20.7878
11.37561
10.79067
12.61756
14.47295
11.25912
9.646984
10.69552
11.22663
8.906413
12.68392
10.43423
15.33875
11.93039
13.16135
14.02954
12.16097
12.05492
11.70686
11.92238
13.20991
11.65833
14.62657
11.82319
13.88467
61.13735
13.04689
14.40658
11.29338
16.30352
15.88769
13.24617
17.82327
13.71584
10.53184
12.18746
10.66438
12.2186
12.81646
9.770303
12.61717
12.95156
13.48038
10.69431
12.66123
11.31444
12.84178
11.85563
12.86697
13.35734
13.16297
25.06046
16.35588
10.21645
13.04689
12.05492
29.5305
15.15929
12.96543
20.07834
11.16084
12.68431
10.42949
10.66438
12.98251
12.68392
9.571017
12.01931
11.65635
11.45706
12.68392
12.65209
13.39812
13.47539
12.65752
12.66938
15.6708
11.09409
11.90615
13.24617
13.44546
9.902842
22.23994
10.33256
24.57502
12.89917
39.17286
128.7592
26.60108
17.75691
24.9994
12.89693
13.61956
11.25778
16.60527
11.65635
13.39515
8.012336
12.64831
12.64831
12.98148
10.78215
12.67347
13.2761
11.69669
12.24113
8.273447
13.45237
12.59464
14.17447
12.89942
19.98279
29.50578
12.68392
15.30186
12.65141
24.07644
11.78889
90.28117
12.81646
10.96156
12.81646
13.44546
11.85563
12.31407
11.85563
11.22663
10.13327
12.65005
12.81646
16.14547
12.02485
16.57946
11.88557
16.66087
14.48128
11.25196
12.43497
12.13657
13.91959
14.80405
16.46628
9.78674
12.05492
12.0592
11.12524
14.32829
11.93891
16.11964
89.29534
22.73942
11.72309
11.72309
11.60828
12.81646
12.68392
11.59094
9.535413
12.05492
12.5842
11.27138
12.56633
13.19533
11.33034
11.56415
13.76984
12.21278
14.33441
12.97541
10.425
12.89427
11.65635
13.02995
14.53386
45.97136
11.5091
11.68749
35.87206
9.140581
28.9163
79.68893
14.34041
13.11441
11.62384
13.52854
11.29338
11.92238
14.47295
11.65635
11.76792
12.43656
13.08181
12.85138
12.85999
12.14725
13.54372
11.67963
14.82136
13.15689
11.19103
13.89889
11.63989
13.24617
11.42592
12.47205
11.25778
11.45706
12.81646
11.14343
12.42511
14.68733
95.91271
21.8493
21.03026
13.72718
49.31549
27.77284
12.05492
12.91473
11.29941
13.39515
14.59742
12.43776
11.05707
11.85745
11.86005
13.41923
10.53184
12.10543
13.84266
14.44669
11.29338
13.65114
11.64164
15.32104
12.08606
13.63318
12.68392
13.34445
13.44546
15.44996
14.34993
84.32653
11.92238
11.16162
24.55248
52.92119
12.64831
12.2186
12.68392
12.33017
10.53116
11.62452
13.47539
13.24457
12.06418
10.42463
11.76202
10.81278
10.13327
10.13327
12.81646
12.81646
12.81646
13.18077
11.29386
12.2186
12.75065
15.92251
12.68392
11.98681
65.51939
39.01379
42.13261
13.44546
35.89636
11.29338
12.01931
12.05492
9.21727
12.61717
12.65209
11.30768
11.03631
12.52498
11.78622
12.88365
19.49265
11.74855
11.25778
12.01931
11.39205
11.02644
12.73325
13.44546
12.32687
12.18746
14.14262
12.75097
12.53397
18.90639
12.94987
14.20762
23.60772
60.1243
12.44903
22.89442
11.77939
11.65635
13.15358
20.14769
12.08984
12.71884
11.88407
11.13444
11.74416
13.3006
13.26389
12.73443
13.69914
12.8476
13.15256
13.10478
11.5092
15.85161
12.05492
9.637765
14.03032
13.79861
12.1532
12.96215
17.8587
41.65067
33.08093
15.32714
45.8911
23.83638
9.924922
13.48988
9.734698
26.08318
11.85771
13.29593
11.75303
12.68866
12.23966
13.47079
13.9438
11.87054
9.734698
12.92362
14.40492
13.39451
15.20796
13.74302
11.16084
10.28225
11.92238
8.012336
14.27302
12.98148
16.37457
19.9243
27.71766
24.78948
31.82857
48.38508
9.801446
14.30656
12.8612
20.363
11.85495
13.04177
11.59857
11.33372
12.06349
13.11912
13.70089
10.38307
15.03536
12.81646
11.82003
12.2186
10.58117
13.78288
12.05492
9.667952
11.65635
10.92595
12.18746
12.41788
13.04689
11.96454
12.68392
13.2777
13.20667
12.01931
17.59918
10.92595
10.53184
11.92238
11.49198
12.51956
11.38612
12.52498
12.30636
12.04464
12.68392
11.94848
12.45277
12.68392
12.35248
15.24781
14.743
11.47034
10.53184
12.81646
12.81646
13.47206
13.98513
12.48463
12.33468
12.05492
11.6584
11.17728
11.92238
11.92238
11.5091
28.83331
12.05492
14.24026
11.4626
12.45034
11.45585
9.907582
12.83752
12.4377
15.0189
12.73443
15.26299
13.36289
12.68392
11.32452
10.26581
17.10379
10.93963
9.902842
14.92391
11.22663
13.9245
12.68431
11.09409
11.94467
12.61717
12.81646
11.17728
11.44693
12.81646
12.22059
12.81646
12.50149
12.71884
13.50613
11.95231
14.36671
14.93412
13.02873
10.99484
13.84935
16.30198
12.39513
11.92238
10.46533
9.853488
14.09154
12.64831
11.42592
18.49143
12.81646
12.8476
15.29985
18.75254
18.33479
14.11906
15.33349
20.80353
20.4006
13.89745
11.78889
12.41788
12.32815
