66.86591
41.45854
47.85678
14.26615
35.97837
45.15591
14.79347
44.60655
28.95162
12.14405
26.50768
148.8936
30.67022
50.80747
39.82278
55.82208
29.11066
36.29409
11.90046
15.84257
43.63706
61.77773
105.5609
64.65773
61.91334
57.69455
14.16963
46.71459
33.77659
12.20431
13.11121
20.13809
87.00055
138.6916
20.16542
63.45982
72.78061
55.33289
33.47254
13.0975
41.11086
93.98006
48.72811
21.02611
157.7096
108.1049
11.45706
32.31281
41.80835
13.35831
40.24537
103.9578
49.6176
56.52551
118.0001
156.4141
52.51125
43.93554
37.48122
18.27642
41.48518
60.52402
73.50326
60.85505
30.78398
16.55493
114.9234
59.64572
18.96126
23.71499
34.59052
51.30139
44.96046
18.64746
32.02674
46.74947
14.27385
73.45549
30.74916
14.4719
11.9573
37.30205
46.09712
47.48239
35.74467
12.47456
41.01136
11.01207
120.1593
10.96156
16.71774
13.48038
15.59684
23.70687
16.2587
14.19153
13.44546
12.7737
19.18255
45.25128
